,blockNumber,timeStamp,hash,nonce,blockHash,transactionIndex,from,to,value,gas,gasPrice,isError,txreceipt_status,input,contractAddress,cumulativeGasUsed,gasUsed,confirmations
0,1287100,1459947480,0x22dead68c439eaccc104ffac5c4a37712ba27af23d73d15ed7f16bc62cf92540,66,0x16f7847dc35c9e3fc3b75d313aabbdcb76891ba2ba106bc7ec09be500955f3f9,0,0x56f0bf1ff1c7526687fdf61b0e6889a105dfcfc5,,0,443906,20000000000,0,,0x606060405260006002819055600381905560045560058054600160a060020a031916331790556103b6806100336000396000f3606060405236156100615760e060020a60003504631e0018d6811461006c5780631fc06f0d1461007557806332d79689146100bb578063a2f9eac6146100c4578063a60f3588146100f7578063d377dedd14610100578063e97dcb6214610112575b610125610127610116565b61012960045481565b61013b60043560018054829081101561000257506000527fb10e2d527612073b26eecdfd717e6a320cf44b4afac2b0732d9fcbe2b7fa0cf60154600160a060020a031681565b61012960035481565b61013b600435600080548290811015610002575080526000805160206103968339815191520154600160a060020a031681565b61012960025481565b61013b600554600160a060020a031681565b6101255b60008034811461015857610002565b005b565b60408051918252519081900360200190f35b60408051600160a060020a03929092168252519081900360200190f35b6004546008901115610269576001805480820180835590935090818480158290116101b0578183600052602060002091820191016101b091905b808211156102af578054600160a060020a0319168155600101610192565b50505050336001600050838154811015610002576000919091527fb10e2d527612073b26eecdfd717e6a320cf44b4afac2b0732d9fcbe2b7fa0cf6018054600160a060020a0319169091179055600454600a1415610269576003546001805490919081101561000257600580547fb10e2d527612073b26eecdfd717e6a320cf44b4afac2b0732d9fcbe2b7fa0cf69290920154600160a060020a0316600160a060020a0319929092169190911790556003805490910190555b60045460099010156102ec575060008054600181018083559091818380158290116102b3578280526102b390600080516020610396833981519152908101908301610192565b5090565b5050505033600060005082815481101561000257908052600080516020610396833981519152018054600160a060020a03191690911790555b6004805460010190819055600b14156103055760006004555b600554604051600160a060020a039190911690600090819081818181818881f150505050505b600030600160a060020a03163111156103925760025460008054909190811015610002578180526040516000805160206103968339815191529190910154600160a060020a03169190819081818181818881f150506002805460010190555061032b915050565b505056290decd9548b62a8d60345a988386fc84ba6bc95484008f6362f93160ef3e563,0x772cba2f87f92e95bb8ffa96187bbedebbb484d3,343906,343906,13616597
1,1287109,1459947666,0xb0edc4b12bd31ebe64c88354d903ea482980a7429351b6d7e244e44bb2bc406b,57,0x482b8572ccfbbc1b1d099b96dfff2942ed51ad6dca154021104d4b6d884d4d69,13,0xab914e7b04f1b6ed397dbce175eec827563c91bd,0x772cba2f87f92e95bb8ffa96187bbedebbb484d3,900000000000000000,121000,20000000000,1,,0x,,394000,121000,13616588
